Frequenz	Amplitude
Hz	3-16mm
Inf	0,00000
11,34345	2,25123E-5
20,87571	8,14037E-5
20,85409	7,62193E-5
28,06320	0,00013
37,53765	0,00023
46,40415	0,00029
58,95177	0,00041
68,02081	0,00056
76,74727	0,00065
85,99515	0,00082
95,35175	0,00092
107,27613	0,00109
116,32171	0,00127
125,62007	0,00146
135,05590	0,00163
146,87233	0,00186
155,95866	0,00211
165,36460	0,00232
174,87695	0,00255
186,54100	0,00285
195,78664	0,00321
205,20209	0,00354
214,71194	0,00389
226,30303	0,00438
235,61106	0,00493
245,09191	0,00549
256,98354	0,00608
266,12137	0,00716
275,48514	0,00822
284,99549	0,00960
296,77014	0,01163
305,99589	0,01463
315,41176	0,01884
324,91613	0,02581
336,60069	0,04048
345,07034	0,06422
351,51486	0,08131
363,69380	0,04780
373,36276	0,03054
385,17347	0,02246
394,76463	0,01838
404,24744	0,01566
415,80714	0,01375
425,25910	0,01265
434,77050	0,01177
444,19123	0,01104
455,72792	0,01080
465,19592	0,01056
474,70961	0,01042
486,29976	0,01041
495,64689	0,01073
505,12807	0,01099
514,60453	0,01129
526,15267	0,01191
535,53622	0,01269
545,04016	0,01347
554,49511	0,01431
566,02080	0,01591
575,44721	0,01749
584,95423	0,01927
596,62519	0,02161
605,89904	0,02483
615,36460	0,02853
624,86456	0,03292
636,47056	0,03996
645,80091	0,04907
655,29068	0,06118
667,23854	0,08023
676,35279	0,11449
685,54364	0,17138
694,48460	0,26149
703,32808	0,32728
712,73323	0,23143
724,89746	0,15351
734,54943	0,11963
743,99278	0,09837
755,61721	0,08593
765,13162	0,07806
774,62919	0,07186
786,19330	0,06700
795,57868	0,06504
805,08432	0,06310
814,53904	0,06128
826,06487	0,06119
835,48617	0,06162
844,99128	0,06189
854,40727	0,06204
865,93141	0,06492
875,38554	0,06720
884,88193	0,06948
896,47847	0,07287
905,80114	0,07818
915,27771	0,08329
924,76100	0,08884
936,31323	0,09793
945,67797	0,10861
955,17181	0,12030
966,96589	0,13401
976,15569	0,15778
985,55515	0,18479
995,04484	0,21870
1006,76071	0,26850
1015,93713	0,34242
1025,24761	0,43628
1034,55835	0,54740
1043,75455	0,63425
1052,81594	0,61645
1064,68940	0,54568
1074,26403	0,46487
1083,63597	0,39403
1095,34133	0,35179
1104,87197	0,32056
1114,32657	0,29466
1125,86516	0,27537
1135,30141	0,26385
1144,80152	0,25240
1154,19348	0,24004
1165,72827	0,23370
1175,19008	0,22701
1184,67501	0,21923
1196,24853	0,20922
1205,59288	0,20616
1215,08174	0,20014
1224,54657	0,19283
1236,08147	0,18701
1245,48452	0,18426
1254,99016	0,18009
1264,42031	0,17491
1275,94925	0,17463
1285,39708	0,17443
1294,89972	0,17395
1306,52493	0,17384
1315,83450	0,18045
1325,31253	0,18596
1334,80355	0,19228
1346,37511	0,20449
1355,73272	0,22200
1365,22622	0,24265
1374,69770	0,26906
1386,23211	0,31885
1395,58007	0,38440
1404,97807	0,47665
1414,21823	0,59620
1423,16625	0,68172
1434,60275	0,59188
1444,27747	0,44043
1453,78703	0,32261
1465,49440	0,24395
1475,04833	0,19860
1484,55483	0,16518
1496,12140	0,13832
1505,53915	0,12263
1515,05571	0,10913
1524,50151	0,09763
1536,03085	0,08919
1545,47340	0,08308
1554,98018	0,07749
1564,37849	0,07220
1575,91627	0,06988
1585,38689	0,06746
1594,88109	0,06515
1606,45449	0,06351
1615,80150	0,06368
1625,29170	0,06352
1634,76719	0,06337
1646,30225	0,06505
1655,69512	0,06741
1665,19901	0,06981
1674,64644	0,07247
1686,16991	0,07924
1695,60144	0,08619
1705,11217	0,09477
1716,78364	0,10785
1726,06028	0,12767
1735,50540	0,15399
1744,98726	0,19325
1756,53788	0,26437
1765,40130	0,36044
1774,31104	0,42024
1783,83005	0,33337
1793,36793	0,22427
1805,28541	0,16126
1814,88159	0,12753
1824,34664	0,10418
1835,92378	0,08819
1845,41180	0,07780
1854,93298	0,06942
1864,31423	0,06226
1875,89023	0,05903
1885,38963	0,05605
1894,88255	0,05374
1906,42722	0,05306
1915,79767	0,05357
1925,28535	0,05403
1934,73285	0,05444
1946,23659	0,05643
1955,63336	0,05811
1965,12734	0,05924
1974,54400	0,05987
1986,05970	0,06285
1995,50344	0,06491
2005,00306	0,06681
2016,61045	0,06962
2025,92422	0,07431
2035,40230	0,07886
2044,89341	0,08408
2056,45740	0,09342
2065,81759	0,10523
2075,31170	0,12000
2087,15868	0,14140
2096,30850	0,18049
2105,56836	0,23716
2114,72410	0,31691
2123,68296	0,38010
2132,78804	0,31076
2144,86081	0,20233
2154,52680	0,14704
2163,95818	0,11200
2175,62221	0,09002
2185,15279	0,07597
2194,64305	0,06519
2206,19155	0,05660
2215,60435	0,05135
2225,11719	0,04672
2234,55851	0,04266
2246,08378	0,03997
2255,52546	0,03794
2265,03292	0,03605
2274,42918	0,03419
2285,96485	0,03390
2295,43700	0,03336
2304,93196	0,03284
2316,50509	0,03287
2325,85479	0,03365
2335,34602	0,03428
2344,82479	0,03500
2356,35834	0,03705
2365,75141	0,03935
2375,25827	0,04184
2386,99876	0,04498
2396,23085	0,05073
2405,66074	0,05704
2415,17099	0,06497
2426,85282	0,07785
2436,11703	0,09701
2445,53107	0,12439
2454,93389	0,16746
2464,07108	0,23136
2472,79434	0,28149
2484,43224	0,22809
2494,17171	0,16060
2503,59523	0,11736
2515,42146	0,09388
2524,98011	0,07887
2534,42445	0,06766
2545,97842	0,06013
2555,45044	0,05478
2564,95956	0,05022
2576,55826	0,04605
2585,88877	0,04422
2595,37390	0,04213
2604,85861	0,04015
2616,40087	0,03879
2625,77580	0,03821
2635,27351	0,03742
2644,72783	0,03655
2656,24391	0,03677
2665,65850	0,03700
2675,16184	0,03707
2686,83274	0,03715
2696,09578	0,03878
2705,54633	0,04003
2715,04588	0,04134
2726,64959	0,04361
2735,96600	0,04712
2745,44202	0,05088
2754,93368	0,05558
2766,50139	0,06417
2775,84467	0,07572
2785,30706	0,09217
2794,71825	0,11785
2805,94819	0,15926
2814,69638	0,18992
2824,11507	0,15662
2833,80087	0,10313
2843,13892	0,06962
2855,14755	0,05224
2864,69219	0,04121
2874,05951	0,03318
2885,67443	0,02780
2895,18368	0,02391
2904,66033	0,02072
2916,19811	0,01805
2925,60392	0,01636
2935,11019	0,01482
2944,55000	0,01344
2956,07119	0,01245
2965,50935	0,01168
2975,01955	0,01098
2984,41026	0,01028
2995,95166	0,01000
3005,42260	0,00970
3014,91768	0,00938
3026,49163	0,00916
3035,84128	0,00916
3045,34044	0,00911
3054,80871	0,00902
3066,34047	0,00919
3075,74162	0,00937
3085,24740	0,00952
3094,68401	0,00962
3106,19873	0,01018
3115,64123	0,01058
3125,14811	0,01100
3136,77126	0,01160
3146,07386	0,01246
3155,53992	0,01325
3165,03406	0,01407
3176,59691	0,01545
3185,94859	0,01697
3195,44023	0,01854
3207,25042	0,02028
3216,43684	0,02334
3225,83211	0,02650
3235,33634	0,03013
3247,06341	0,03535
3256,29889	0,04277
3265,72306	0,05190
3275,22085	0,06437
3286,89300	0,08587
3296,06582	0,11809
3305,24561	0,16389
3314,30712	0,21285
3323,45060	0,21242
3332,65615	0,15794
3344,90862	0,12318
3354,46813	0,10028
3366,06985	0,08473
3375,53410	0,07617
3385,06387	0,06943
3394,49153	0,06388
3406,02935	0,06139
3415,49524	0,05932
3424,99855	0,05760
3436,59555	0,05660
3445,92313	0,05751
3455,40659	0,05815
3464,89178	0,05900
3476,43963	0,06181
3485,80927	0,06559
3495,30719	0,06978
3504,77210	0,07494
3516,29612	0,08549
3525,69025	0,09802
3535,17347	0,11491
3546,89133	0,14101
3555,93965	0,18128
3565,00122	0,22340
3574,18707	0,23519
3583,58731	0,19046
3592,85112	0,13515
3604,98235	0,10366
3614,52884	0,08264
3623,85692	0,06709
3635,55777	0,05803
3645,08511	0,05091
3654,53657	0,04510
3666,07056	0,04099
3675,52008	0,03810
3685,03082	0,03550
3694,43129	0,03311
3705,97025	0,03225
3715,44497	0,03126
3724,94178	0,03036
3736,51507	0,02989
3745,86561	0,03017
3755,35941	0,03029
3764,83633	0,03044
3776,36786	0,03163
3785,76533	0,03297
3795,27204	0,03433
3806,99897	0,03596
3816,23706	0,03944
3825,67128	0,04291
3835,18057	0,04696
3846,83377	0,05323
3856,11632	0,06210
3865,56703	0,07307
3875,05484	0,08807
3886,63423	0,11432
3895,77168	0,15032
3904,89672	0,19107
3914,06513	0,20872
3923,36393	0,17386
3935,22722	0,12831
3944,85998	0,10123
3954,35321	0,08226
3965,94108	0,06936
3975,43090	0,06114
3984,94997	0,05455
3994,32850	0,04886
4005,89270	0,04590
4015,38331	0,04299
4024,86956	0,04035
4036,41192	0,03843
4045,78903	0,03740
4055,28768	0,03619
4064,74361	0,03497
4076,25660	0,03476
4085,67301	0,03462
4095,17623	0,03433
4106,84231	0,03395
4116,10618	0,03503
4125,55537	0,03566
4135,05474	0,03629
4146,65209	0,03750
4155,96717	0,03965
4165,44272	0,04168
4174,92894	0,04398
4186,48270	0,04825
4195,83998	0,05352
4205,32869	0,05982
4217,15551	0,06822
4226,30828	0,08353
4235,61542	0,10353
4244,93456	0,13031
4254,08993	0,15843
4263,07648	0,16033
4274,80683	0,12452
4284,47064	0,09338
4293,93612	0,07118
4305,61341	0,05666
4315,15239	0,04771
4324,65417	0,04088
4336,21383	0,03548
4345,62789	0,03231
4355,14308	0,02949
4364,59206	0,02705
4376,12159	0,02551
4385,56524	0,02437
4395,07591	0,02330
4406,71459	0,02225
4416,01544	0,02223
4425,48960	0,02198
4434,98829	0,02176
4446,56056	0,02195
4455,91286	0,02256
4465,40658	0,02307
4474,88725	0,02362
4486,41812	0,02516
4495,81610	0,02678
4505,32102	0,02851
4517,05010	0,03082
4526,28849	0,03473
4535,71897	0,03897
4545,22653	0,04416
4556,88792	0,05245
4566,14964	0,06405
4575,56306	0,07934
4584,98891	0,10078
4596,45577	0,13153
4605,39100	0,16018
4614,66242	0,16167
4624,21608	0,13476
4633,62356	0,10502
4645,43247	0,08609
4654,99818	0,07334
4664,45537	0,06357
4676,00851	0,05704
4685,47929	0,05243
4694,99019	0,04842
4706,59563	0,04478
4715,91929	0,04329
4725,40162	0,04147
4734,88717	0,03975
4746,43156	0,03863
4755,79972	0,03823
4765,29515	0,03756
4774,75201	0,03682
4786,26643	0,03712
4795,67747	0,03743
4805,17824	0,03758
4816,85691	0,03764
4826,11369	0,03933
4835,55845	0,04056
4845,05706	0,04182
4856,66437	0,04390
4865,97354	0,04721
4875,44380	0,05054
4884,93217	0,05449
4896,49483	0,06134
4905,83655	0,07007
4915,30780	0,08103
4924,75846	0,09593
4936,22063	0,12125
4945,36851	0,15088
4954,55646	0,17463
4963,83974	0,16869
4973,10480	0,13302
4985,05251	0,10194
4994,64600	0,08160
5004,06028	0,06663
5015,69093	0,05690
5025,20959	0,05012
5034,70426	0,04466
5046,25865	0,04034
5055,66211	0,03781
5065,17397	0,03544
5074,62463	0,03329
5086,14914	0,03220
5095,58681	0,03136
5105,09485	0,03052
5116,73888	0,02969
5126,03098	0,03011
5135,49842	0,03019
5144,99706	0,03025
5156,57069	0,03085
5165,91504	0,03204
5175,40599	0,03303
5184,88513	0,03409
5196,41763	0,03654
5205,80821	0,03917
5215,31079	0,04198
5227,05278	0,04562
5236,27828	0,05190
5245,69796	0,05888
5255,19563	0,06770
5266,86652	0,08166
5276,06513	0,10190
5285,35763	0,12749
5294,60693	0,15524
5303,74691	0,16697
5312,79419	0,14270
5324,86348	0,11310
5334,43857	0,08935
5343,76897	0,07134
5355,52779	0,06121
5365,06513	0,05319
5374,50391	0,04671
5386,04271	0,04239
5395,50759	0,03907
5405,01375	0,03613
5416,61311	0,03345
5425,93793	0,03230
5435,41898	0,03092
5444,90316	0,02961
5456,44625	0,02878
5465,81507	0,02851
5475,30940	0,02807
5484,76672	0,02761
5496,28110	0,02801
5505,68922	0,02842
5515,19030	0,02880
5526,87544	0,02921
5536,12746	0,03099
5545,56838	0,03258
5555,06869	0,03438
5566,69029	0,03722
5575,98635	0,04151
5585,44576	0,04650
5594,93103	0,05298
5606,50078	0,06402
5615,74959	0,07905
5625,06011	0,09806
5634,28883	0,11727
5643,39169	0,12093
5654,99962	0,10017
5664,63613	0,07934
5674,15778	0,06297
5685,78503	0,05120
5695,29688	0,04426
5704,82548	0,03885
5714,20422	0,03435
5725,79312	0,03188
5735,29547	0,02970
5744,78288	0,02776
5756,32808	0,02640
5765,72176	0,02567
5775,22855	0,02487
5784,67885	0,02408
5796,19928	0,02409
5805,63228	0,02406
5815,14036	0,02399
5826,78424	0,02402
5836,07342	0,02493
5845,53885	0,02560
5855,03795	0,02632
5866,61806	0,02778
5875,95916	0,02983
5885,44685	0,03200
5894,93075	0,03466
5906,46980	0,03980
5915,82771	0,04612
5925,28222	0,05448
5934,66236	0,06591
5945,93581	0,08095
5954,99115	0,08821
5964,41309	0,07740
5973,93158	0,05811
5985,65988	0,04240
5995,23520	0,03351
6004,77586	0,02714
6014,11855	0,02226
6025,77160	0,01941
6035,29412	0,01703
6044,76061	0,01505
6056,28104	0,01365
6065,71329	0,01260
6075,22149	0,01165
6084,64177	0,01074
6096,15046	0,01031
6105,61151	0,00983
6115,11124	0,00934
6126,68502	0,00894
6136,01055	0,00877
6145,48952	0,00852
6154,96641	0,00823
6166,49280	0,00808
6175,86180	0,00800
6185,35569	0,00783
6194,79981	0,00760
6206,30888	0,00772
6215,71809	0,00764
6225,21626	0,00750
6236,86384	0,00730
6246,12785	0,00737
6255,57247	0,00728
6265,05870	0,00711
6276,64449	0,00691
6286,02024	0,00691
6295,45499	0,00701
6304,91127	0,00698
6316,43230	0,00698
6325,80564	0,00700
6335,29468	0,00691
6344,74260	0,00678
6356,24393	0,00682
6365,65497	0,00681
6375,14671	0,00672
6384,55085	0,00659
6396,05753	0,00671
6405,50254	0,00671
6414,98776	0,00667
6426,57459	0,00666
6435,88365	0,00683
6445,35345	0,00692
6454,82774	0,00701
6466,37416	0,00726
6475,73515	0,00764
6485,22730	0,00803
6494,69023	0,00849
6506,22909	0,00941
6515,63410	0,01045
6525,14505	0,01167
6536,87396	0,01336
6546,12356	0,01587
6555,56494	0,01880
6565,07226	0,02246
6576,72305	0,02825
6585,99777	0,03596
6595,42523	0,04607
6604,86213	0,05981
6616,34013	0,08001
6625,41873	0,10066
6634,72431	0,11170
6644,18560	0,10689
6653,51915	0,09279
6665,34144	0,08354
6674,91006	0,07587
6684,35453	0,06967
6695,92937	0,06727
6705,41965	0,06566
6714,93013	0,06464
6726,51612	0,06519
6735,86751	0,06771
6745,36051	0,07036
6754,83866	0,07369
6766,37236	0,08076
6775,74246	0,08914
6785,21697	0,09899
6794,63572	0,11086
6806,07049	0,12904
6815,34023	0,14484
6824,70094	0,15274
6834,03386	0,14619
6845,58234	0,12660
6855,10395	0,10832
6864,64725	0,09145
6874,00980	0,07692
6885,66385	0,06780
6895,18817	0,06034
6904,66171	0,05409
6916,19666	0,04952
6925,62528	0,04646
6935,13659	0,04364
6944,56069	0,04104
6956,08164	0,04014
6965,53687	0,03922
6975,03886	0,03836
6986,63850	0,03793
6995,95577	0,03871
7005,43225	0,03926
7014,91878	0,03990
7026,46967	0,04173
7035,82964	0,04421
7045,32033	0,04678
7054,78583	0,04974
7066,30729	0,05553
7075,69642	0,06187
7085,18285	0,06937
7096,90495	0,07927
7106,08319	0,09436
7115,42351	0,11093
7124,81119	0,12816
7134,09927	0,14088
7145,51124	0,14291
7154,95960	0,13375
7164,49045	0,11797
7173,85854	0,10103
7185,54153	0,08953
7195,07838	0,08021
7204,55227	0,07226
7216,09891	0,06652
7225,54231	0,06268
7235,05745	0,05911
7244,46963	0,05569
7256,00412	0,05464
7265,47137	0,05330
7274,97063	0,05197
7286,54923	0,05119
7295,89024	0,05168
7305,37736	0,05172
7314,85445	0,05170
7326,38551	0,05307
7335,77224	0,05471
7345,27212	0,05611
7354,71841	0,05748
7366,23048	0,06152
7375,65386	0,06512
7385,15483	0,06893
7396,80758	0,07421
7406,07633	0,08235
7415,51936	0,09091
7425,00186	0,10101
7436,58212	0,11611
7445,83358	0,13516
7455,20871	0,15531
7464,57063	0,17376
7473,77801	0,18117
7485,27014	0,17410
7494,78092	0,15399
7504,26936	0,13001
7515,86534	0,10780
7525,35184	0,09340
7534,88454	0,08128
7544,28420	0,07094
7555,85274	0,06419
7565,34299	0,05865
7574,83777	0,05379
7586,39670	0,04969
7595,76700	0,04747
7605,26601	0,04516
7614,73020	0,04300
7626,25307	0,04196
7635,66386	0,04138
7645,16850	0,04073
7654,59704	0,04007
7666,11391	0,04112
7675,55850	0,04190
7685,06129	0,04273
7696,68034	0,04424
7705,98370	0,04717
7715,45330	0,05001
7724,94465	0,05322
7736,51046	0,05871
7745,85340	0,06552
7755,33298	0,07329
7764,79602	0,08281
7776,30734	0,09880
7785,62223	0,11716
7795,01639	0,13791
7804,33879	0,15751
7815,70577	0,16674
7825,06013	0,16105
7834,59392	0,14240
7844,02890	0,12065
7855,66447	0,10309
7865,19325	0,09058
7874,70289	0,08014
7886,27090	0,07146
7895,67347	0,06636
7905,18670	0,06153
7914,64196	0,05712
7926,16548	0,05442
7935,60021	0,05230
7945,10773	0,05015
7954,51455	0,04791
7966,04032	0,04774
7975,50467	0,04702
7985,00187	0,04622
7996,57622	0,04602
8005,91448	0,04681
8015,40108	0,04723
8024,87784	0,04761
8036,40762	0,04947
8045,79128	0,05159
8055,28850	0,05366
8064,73721	0,05590
8076,24672	0,06121
8085,65921	0,06648
8095,15137	0,07258
8106,81645	0,08109
8116,03354	0,09381
8125,40070	0,10779
8134,78614	0,12266
8144,03664	0,13356
8155,41009	0,13359
8164,85402	0,12067
8174,37541	0,10111
8183,71684	0,08174
8195,45088	0,06829
8204,99498	0,05813
8214,44951	0,04987
8225,99779	0,04373
8235,46113	0,03944
8244,97343	0,03575
8254,36283	0,03243
8265,91257	0,03070
8275,39487	0,02904
8284,88846	0,02756
8296,44804	0,02653
8305,81242	0,02626
8315,30968	0,02588
8324,78020	0,02555
8336,30654	0,02612
8345,71329	0,02685
8355,21866	0,02758
8366,92830	0,02848
8376,17544	0,03081
8385,61400	0,03304
8395,11832	0,03557
8406,75268	0,03939
8416,04007	0,04469
8425,49312	0,05067
8434,97333	0,05799
8446,53424	0,06939
8455,79036	0,08325
8465,15691	0,09831
8474,50177	0,11191
8483,69510	0,11678
8495,24612	0,11234
8504,78296	0,10006
8514,26405	0,08610
8525,86212	0,07420
8535,35834	0,06617
8544,88511	0,05931
8554,26513	0,05321
8565,84507	0,05003
8575,34177	0,04689
8584,82737	0,04403
8596,36906	0,04200
8605,75664	0,04087
8615,25895	0,03956
8624,70895	0,03824
8636,22241	0,03811
8645,64728	0,03795
8655,15060	0,03766
8666,80093	0,03738
8676,07581	0,03857
8685,53125	0,03931
8695,02620	0,04004
8706,60992	0,04154
8715,93094	0,04400
8725,40387	0,04638
8734,87915	0,04908
8746,41294	0,05388
8755,75105	0,05962
8765,20175	0,06604
8774,60830	0,07329
8786,02689	0,08208
8795,26875	0,08818
8804,65198	0,08735
8814,03356	0,07859
8825,60385	0,06481
8835,11515	0,05435
8844,65385	0,04531
8854,02857	0,03775
8865,65035	0,03258
8875,16510	0,02867
8884,64822	0,02545
8896,19535	0,02286
8905,60604	0,02131
8915,12027	0,01994
8924,56517	0,01874
8936,09591	0,01823
8945,54268	0,01793
8955,05509	0,01772
8966,70195	0,01768
8976,00242	0,01842
8985,47803	0,01911
8994,97990	0,01995
9006,56232	0,02157
9015,90435	0,02374
9025,38874	0,02619
9034,86171	0,02923
9046,38148	0,03448
9055,70191	0,04051
9065,10998	0,04732
9074,45053	0,05406
9085,81883	0,05832
9095,14208	0,05743
9104,65808	0,05141
9114,09708	0,04366
9125,72549	0,03710
9135,25188	0,03237
9144,76665	0,02840
9156,33608	0,02507
9165,73258	0,02307
9175,24544	0,02116
9184,70444	0,01943
9196,22364	0,01824
9205,65178	0,01729
9215,15930	0,01632
9224,57007	0,01532
9236,08582	0,01491
9245,54442	0,01436
9255,04156	0,01375
9266,61268	0,01323
9275,94559	0,01302
9285,42740	0,01265
9294,90291	0,01221
9306,42730	0,01198
9315,80638	0,01181
9325,30347	0,01153
9334,74397	0,01117
9346,24792	0,01111
9355,67402	0,01094
9365,17118	0,01070
9376,80426	0,01040
9386,08239	0,01043
9395,54407	0,01028
9405,03240	0,01006
9416,59240	0,00991
9425,92964	0,00990
9435,41032	0,00975
9444,87973	0,00953
9456,39603	0,00946
9465,78281	0,00940
9475,28100	0,00922
9484,71594	0,00898
9496,21718	0,00901
9505,64686	0,00892
9515,14430	0,00875
9526,75930	0,00855
9536,04821	0,00859
9545,51085	0,00848
9554,99739	0,00828
9566,54689	0,00817
9575,89182	0,00814
9585,37582	0,00799
9594,83813	0,00778
9606,34713	0,00771
9615,74052	0,00761
9625,23722	0,00743
9634,66244	0,00718
9646,16279	0,00713
9655,59855	0,00698
9665,09073	0,00677
9676,69580	0,00653
9685,98987	0,00647
9695,44878	0,00629
9704,92727	0,00605
9716,46301	0,00583
9725,80876	0,00570
9735,28668	0,00548
9744,73462	0,00520
9756,22706	0,00498
9765,60800	0,00478
9775,08267	0,00453
9784,48005	0,00424
9795,96187	0,00402
9805,36432	0,00388
9814,84282	0,00377
9824,25531	0,00375
9835,82087	0,00401
9845,31596	0,00447
9854,87091	0,00514
9866,55654	0,00626
9875,88646	0,00775
9885,37633	0,00953
9897,29510	0,01178
9906,43148	0,01515
9915,78193	0,01907
9925,25331	0,02385
9937,01812	0,03023
9946,14484	0,03875
9955,45488	0,04789
9964,85294	0,05669
9974,19041	0,06284
9985,67404	0,06608
9995,13776	0,06556
10004,65776	0,06272
10016,27079	0,05893
10025,65545	0,05736
10035,17287	0,05545
10044,64738	0,05367
10056,18413	0,05338
10065,60235	0,05367
10075,10783	0,05389
10084,52845	0,05410
10096,04114	0,05674
10105,47550	0,05887
10114,95688	0,06097
10126,54775	0,06332
10135,81188	0,06708
10145,23919	0,06932
10154,68407	0,07012
10166,20516	0,06898
10175,52449	0,06778
10184,99443	0,06413
10194,43646	0,05880
10205,97556	0,05262
10215,41136	0,04791
10224,92761	0,04318
10234,34130	0,03867
10245,88590	0,03547
10255,35830	0,03282
10264,85876	0,03036
10276,44190	0,02810
10285,78796	0,02709
10295,28132	0,02602
10304,75899	0,02510
10316,29843	0,02477
10325,68559	0,02496
10335,18908	0,02517
10344,64256	0,02553
10356,15960	0,02710
10365,57308	0,02878
10375,07018	0,03064
10386,74118	0,03297
10395,98316	0,03680
10405,40359	0,04058
10414,86921	0,04454
10426,43929	0,04875
10435,67676	0,05331
10445,09650	0,05567
10454,54417	0,05566
10466,09227	0,05318
10475,47840	0,05098
10484,99802	0,04766
10494,45286	0,04400
10506,00091	0,04112
10515,45837	0,03887
10524,97362	0,03660
10534,36513	0,03427
10545,91770	0,03347
10555,39928	0,03234
10564,89079	0,03120
10576,44550	0,03048
10585,81198	0,03032
10595,30826	0,02994
10604,76995	0,02947
10616,28736	0,02987
10625,69572	0,03025
10635,19642	0,03050
10646,87897	0,03068
10656,13015	0,03220
10665,56946	0,03335
10675,06219	0,03452
10686,66595	0,03623
10695,95130	0,03894
10705,39339	0,04146
10714,84702	0,04403
10726,36458	0,04703
10735,62484	0,04997
10745,02612	0,05090
10754,42547	0,04917
10763,65653	0,04432
10775,32594	0,03931
10784,84922	0,03368
10794,27951	0,02830
10805,84491	0,02378
10815,33005	0,02047
10824,83680	0,01761
10834,19200	0,01508
10845,77443	0,01338
10855,26669	0,01191
10864,73626	0,01062
10876,26531	0,00949
10885,65912	0,00875
10895,17048	0,00806
10904,62463	0,00749
10916,14010	0,00723
10925,56857	0,00711
10935,07641	0,00706
10946,76111	0,00710
10956,03434	0,00757
10965,49617	0,00806
10975,00872	0,00870
10986,63241	0,00975
10995,94889	0,01118
11005,41840	0,01283
11014,90234	0,01485
11026,45242	0,01800
11035,76406	0,02163
11045,19251	0,02573
11054,58717	0,03008
11066,01973	0,03458
11075,32011	0,03723
11084,78691	0,03719
11094,21125	0,03494
11105,78997	0,03222
11115,29000	0,02978
11124,81489	0,02741
11136,41106	0,02524
11145,77567	0,02415
11155,28059	0,02293
11164,75573	0,02173
11176,28614	0,02099
11185,69499	0,02049
11195,20129	0,01989
11204,63145	0,01922
11216,14520	0,01924
11225,59091	0,01908
11235,09025	0,01883
11246,69535	0,01867
11256,00097	0,01901
11265,47394	0,01908
11274,96259	0,01909
11286,50853	0,01953
11295,86441	0,02017
11305,35154	0,02068
11314,81029	0,02120
11326,32147	0,02251
11335,70426	0,02384
11345,18140	0,02520
11354,58757	0,02661
11366,03592	0,02902
11375,36614	0,03075
11384,75223	0,03125
11394,04790	0,02956
11405,53437	0,02550
11415,01603	0,02110
11424,52308	0,01668
11433,84095	0,01278
11445,53836	0,00988
11455,07010	0,00772
11464,51271	0,00597
11476,04589	0,00456
11485,51842	0,00356
11495,02572	0,00273
11504,39934	0,00206
11515,97115	0,00154
11525,50240	0,00113
11534,97943	0,00081
11544,17555	0,00054
11556,42079	0,00033
11568,96652	0,00031
11578,11972	0,00048
11587,10764	0,00074
11596,35896	0,00107
11605,77607	0,00145
11617,44031	0,00205
11626,62247	0,00277
11635,98185	0,00365
11645,43331	0,00473
11657,09283	0,00629
11666,30022	0,00825
11675,68014	0,01067
11685,09492	0,01369
11696,62826	0,01756
11705,75105	0,02119
11715,10735	0,02326
11724,56671	0,02332
11736,16291	0,02184
11745,57152	0,02068
11755,10773	0,01926
11764,57442	0,01787
11776,11585	0,01699
11785,56635	0,01628
11795,07721	0,01557
11806,70474	0,01483
11816,00837	0,01469
11825,48118	0,01436
11834,97486	0,01398
11846,52845	0,01378
11855,88218	0,01380
11865,37309	0,01367
11874,83701	0,01349
11886,35222	0,01365
11895,75020	0,01380
11905,24731	0,01384
11914,67496	0,01383
11926,17781	0,01438
11935,60657	0,01473
11945,09568	0,01505
11956,70235	0,01549
11965,95806	0,01636
11975,36218	0,01700
11984,76290	0,01732
