Frequenz	Amplitude
Hz	Ref
Inf	0,00000
10,75942	7,07054E-5
20,02621	3,07013E-5
28,42797	8,61762E-5
33,03777	0,00037
41,68362	0,00109
50,57118	0,00235
59,61049	0,00419
68,74769	0,00653
80,74398	0,00921
89,85339	0,01309
98,99627	0,01744
108,26661	0,02201
117,69205	0,02642
129,41025	0,03290
138,62042	0,03957
147,98000	0,04581
157,49427	0,05142
169,07649	0,06064
178,34934	0,06913
187,78146	0,07627
199,58572	0,08264
208,80186	0,09459
218,14464	0,10410
227,64037	0,11156
239,31815	0,11977
248,58149	0,13325
257,97900	0,14308
267,53085	0,14979
279,07835	0,16108
288,38796	0,17493
297,84283	0,18400
307,43757	0,19001
318,86744	0,20490
328,22250	0,21840
337,72759	0,22636
347,35627	0,23091
358,67215	0,25011
368,07698	0,26222
377,62940	0,26835
389,18742	0,27663
398,49793	0,29540
407,94779	0,30525
417,54040	0,30917
428,98534	0,32243
438,33690	0,33947
447,83519	0,34757
457,46037	0,34953
468,79871	0,36852
478,19273	0,38322
487,73363	0,38767
499,32020	0,38857
508,62359	0,41251
518,06127	0,42389
527,64200	0,42596
539,12318	0,43404
548,46034	0,45527
557,94254	0,46279
567,55810	0,46171
578,93524	0,47735
588,31211	0,49456
597,83628	0,49902
607,47937	0,49560
618,75741	0,51875
628,17635	0,53210
637,73886	0,53276
649,26971	0,53174
658,59061	0,55825
668,05289	0,56774
677,65171	0,56488
689,07803	0,57373
698,43634	0,59527
707,93959	0,60002
717,56817	0,59494
728,89697	0,61293
738,29292	0,62951
747,83569	0,62964
757,49171	0,62176
768,72541	0,64895
778,16164	0,66072
787,74161	0,65774
799,22576	0,65676
808,56452	0,68373
818,04338	0,69055
827,65565	0,68350
839,04126	0,69400
848,41493	0,71534
857,93289	0,71696
867,57390	0,70790
878,86335	0,72907
888,27611	0,74520
897,83163	0,74211
907,49596	0,73099
918,69634	0,76234
928,14867	0,77170
937,74037	0,76504
949,18776	0,76538
958,53939	0,79323
968,03069	0,79770
977,65471	0,78713
989,00564	0,80013
998,39276	0,82102
1007,92337	0,82014
1017,57468	0,80732
1028,83224	0,83271
1038,25808	0,84716
1047,82625	0,84154
1059,33800	0,82766
1068,66780	0,86286
1078,13282	0,87101
1087,73563	0,86025
1099,15110	0,86190
1108,51477	0,88944
1118,01750	0,89038
1127,65107	0,87629
1138,97205	0,89156
1148,37004	0,91080
1157,91247	0,90602
1167,57193	0,88903
1178,80057	0,91667
1188,23766	0,92792
1197,81511	0,91756
1209,29963	0,90332
1218,63799	0,93624
1228,11425	0,94010
1237,72659	0,92541
1249,11412	0,92734
1258,48797	0,95247
1268,00205	0,94951
1277,64413	0,93119
1288,93784	0,94829
1298,34754	0,96430
1307,89991	0,95568
1317,56493	0,93516
1328,77034	0,96528
1338,21698	0,97350
1347,80496	0,96018
1359,26176	0,94814
1368,61134	0,97902
1378,09757	0,98037
1387,71778	0,96314
1399,07933	0,96748
1408,46229	0,99003
1417,98768	0,98491
1427,63671	0,96453
1438,90590	0,98440
1448,32452	0,99858
1457,88620	0,98779
1467,55708	0,96449
1478,73977	0,99823
1488,19716	1,00471
1497,79404	0,98932
1509,22655	0,97996
1518,58247	1,00948
1528,07959	1,00831
1537,70641	0,98924
1549,04648	0,99698
1558,43743	1,01749
1567,97154	1,01021
1577,62621	0,98835
1588,87403	1,01118
1598,30116	1,02322
1607,87136	1,01066
1617,54744	0,98671
1628,71019	1,02241
1638,17617	1,02671
1647,78043	1,00956
1659,19034	1,00316
1668,55541	1,03080
1678,05912	1,02788
1687,69561	1,00718
1699,01135	1,01764
1708,41123	1,03614
1717,95261	1,02706
1727,61381	1,00359
1738,84134	1,02865
1748,27744	1,03862
1757,85557	1,02421
1769,33983	1,00217
1778,67923	1,03691
1788,15173	1,03889
1797,76108	1,02005
1809,15312	1,01546
1818,52411	1,03987
1828,03508	1,03381
1837,67611	1,01022
1848,97471	1,02042
1858,38351	1,03381
1867,93774	1,01937
1877,61096	0,99155
1888,81378	1,01520
1898,26977	1,01956
1907,86927	1,00176
1919,31029	0,98593
1928,66791	1,01829
1938,15790	1,02073
1947,77920	1,00460
1959,12953	1,01033
1968,51291	1,03627
1978,03543	1,03310
1987,68007	1,01361
1998,95007	1,03323
2008,36817	1,05008
2017,92557	1,04021
2027,59627	1,01724
2038,78228	1,05004
2048,23477	1,05803
2057,83007	1,04240
2069,26825	1,02924
2078,62345	1,06157
2088,11476	1,06151
2097,74128	1,04308
2109,08674	1,04639
2118,47657	1,06898
2128,00537	1,06199
2137,65744	1,03899
2148,91466	1,05941
2158,33926	1,07313
2167,90410	1,06014
2177,57862	1,03479
2188,74981	1,06916
2198,21173	1,07446
2207,81228	1,05661
2219,23262	1,04587
2228,59431	1,07585
2238,09406	1,07357
2247,72628	1,05188
2259,05381	1,05921
2268,45096	1,07973
2277,98784	1,07088
2287,64538	1,04673
2298,88237	1,06987
2308,31455	1,08162
2317,88647	1,06720
2327,56664	1,04085
2338,72001	1,07766
2348,18930	1,08104
2357,79689	1,06212
2369,19772	1,05483
2378,56651	1,08287
2388,07361	1,07888
2397,71114	1,05649
2409,02012	1,06692
2418,42295	1,08549
2427,96770	1,07506
2437,63092	1,04993
2448,85086	1,07776
2458,29031	1,08624
2467,87003	1,07002
2479,34522	1,04669
2488,68929	1,08226
2498,16762	1,08386
2507,78088	1,06388
2519,16334	1,06087
2528,53787	1,08607
2538,05356	1,08022
2547,69691	1,05686
2558,98676	1,07026
2568,39713	1,08686
2577,94957	1,07496
2587,61788	1,04934
2598,81839	1,07775
2608,26685	1,08558
2617,85434	1,06860
2629,31065	1,04905
2638,66049	1,08230
2648,14563	1,08219
2657,76602	1,06108
2669,12785	1,06054
2678,51171	1,08414
2688,03491	1,07696
2697,68377	1,05318
2708,95418	1,06930
2718,37236	1,08354
2727,93225	1,07041
2737,60453	1,04408
2748,78714	1,07498
2758,24284	1,08061
2767,83877	1,06265
2779,27538	1,04680
2788,63137	1,07772
2798,12576	1,07562
2807,75301	1,05380
2819,09477	1,05647
2828,48538	1,07778
2838,01659	1,06892
2847,67152	1,04424
2858,92227	1,06317
2868,34806	1,07530
2877,91576	1,06088
2887,59283	1,03407
2898,75839	1,06681
2908,22202	1,07053
2917,82442	1,05148
2929,23821	1,03933
2938,60539	1,06843
2948,10369	1,06384
2957,73963	1,04102
2969,06041	1,04677
2978,45899	1,06549
2987,99875	1,05516
2997,65970	1,02977
3008,88993	1,05113
3018,32519	1,06088
3027,90134	1,04508
3037,58255	1,01792
3048,72909	1,05229
3058,20111	1,05392
3067,81088	1,03380
3079,20409	1,02517
3088,57683	1,05062
3098,08636	1,04503
3107,72664	1,02156
3119,02794	1,02996
3128,43414	1,04603
3137,98140	1,03426
3147,64709	1,00640
3158,86022	1,03101
3168,30194	1,03894
3177,88595	1,02186
3189,35201	0,99801
3198,69938	1,02984
3208,18016	1,02932
3217,79628	1,00842
3229,16933	1,00290
3238,54986	1,02515
3248,06834	1,01773
3257,71433	0,99369
3268,99422	1,00438
3278,40941	1,01762
3287,96494	1,00423
3297,63603	0,97798
3308,82756	1,00248
3318,27931	1,00722
3327,87038	0,98907
3339,31663	0,96882
3348,67024	0,99707
3358,15957	0,99418
3367,78284	0,97231
3379,13518	0,96952
3388,52284	0,98828
3398,04925	0,97879
3407,70163	0,95423
3418,96124	0,96643
3428,38387	0,97631
3437,94757	0,96149
3447,62334	0,93488
3458,79677	0,95949
3468,25589	0,96127
3477,85479	0,94196
3489,27985	0,92488
3498,64069	0,94840
3508,13785	0,94303
3517,76793	0,92026
3529,09958	0,91882
3538,49449	0,93317
3548,03007	0,92125
3557,68702	0,89578
3568,92779	0,90728
3578,35717	0,91231
3587,92892	0,89484
3597,60961	0,86702
3608,76472	0,88914
3618,23160	0,88667
3627,83722	0,86534
3639,24123	0,84930
3648,60957	0,86603
3658,11508	0,85704
3667,75247	0,83301
3679,06398	0,83185
3688,46649	0,84053
3698,00851	0,82642
3707,67358	0,80091
3718,89513	0,81175
3728,33279	0,81371
3737,91230	0,79618
3747,59633	0,77024
3758,73372	0,79087
3768,20919	0,78685
3777,82225	0,76668
3789,20680	0,75513
3798,58209	0,76876
3808,09578	0,75961
3817,73914	0,73775
3829,03115	0,73891
3838,44097	0,74561
3847,99173	0,73250
3857,66055	0,70966
3868,86313	0,72118
3878,30974	0,72172
3887,89597	0,70553
3899,35431	0,68463
3908,70421	0,70207
3918,18752	0,69754
3927,80773	0,67911
3939,17246	0,67108
3948,55554	0,68177
3958,07645	0,67280
3967,72523	0,65291
3978,99809	0,65576
3988,41528	0,66033
3997,97371	0,64788
4007,64698	0,62730
4018,83219	0,63894
4028,28596	0,63826
4037,88001	0,62316
4049,31822	0,60680
4058,67505	0,62072
4068,16680	0,61549
4077,79361	0,59854
4089,13787	0,59330
4098,52813	0,60136
4108,05716	0,59237
4117,71229	0,57434
4128,96522	0,57825
4138,39110	0,58108
4147,95722	0,56921
4157,63537	0,55056
4168,80165	0,56187
4178,26399	0,56006
4187,86462	0,54603
4199,28282	0,53334
4208,64730	0,54431
4218,14660	0,53863
4227,77988	0,52312
4239,10467	0,51995
4248,50177	0,52575
4258,03934	0,51694
4267,70055	0,50056
4278,93437	0,50514
4288,36683	0,50635
4297,94138	0,49514
4307,62439	0,47839
4318,77166	0,48927
4328,24352	0,48669
4337,85232	0,47384
4349,24822	0,46440
4358,61998	0,47285
4368,12940	0,46719
4377,77030	0,45363
4389,07277	0,45260
4398,47937	0,45711
4408,02640	0,44926
4417,69365	0,43541
4428,90614	0,44155
4438,34931	0,44279
4447,93267	0,43369
4459,39936	0,42025
4468,74881	0,43269
4478,22998	0,43169
4487,84714	0,42222
4499,22096	0,41824
4508,60269	0,42802
4518,12076	0,42557
4527,76768	0,41645
4539,05078	0,42132
4548,46621	0,42916
4558,02062	0,42624
4567,69201	0,41805
4578,88797	0,43134
4588,33754	0,43792
4597,92563	0,43475
4609,37762	0,42974
4618,73151	0,44830
4628,21583	0,45344
4637,83470	0,44988
4649,19814	0,45405
4658,58154	0,47035
4668,10038	0,47330
4677,74730	0,46844
4689,02283	0,48041
4698,43849	0,49318
4707,99294	0,49308
4717,66264	0,48628
4728,85374	0,50486
4738,30386	0,51330
4747,89296	0,50976
4759,33805	0,50473
4768,69224	0,52453
4778,17896	0,52795
4787,80050	0,52069
4799,15412	0,52307
4808,54058	0,53709
4818,06537	0,53553
4827,71618	0,52518
4838,97885	0,53463
4848,39985	0,54294
4857,96155	0,53710
4867,63647	0,52429
4878,81203	0,53978
4888,27012	0,54265
4897,86822	0,53321
4909,29400	0,52471
4918,65538	0,53982
4928,15128	0,53823
4937,78055	0,52641
4949,11512	0,52645
4958,50859	0,53602
4968,04239	0,53047
4977,70007	0,51682
4988,94272	0,52455
4998,37229	0,52910
5007,94263	0,52054
5017,62350	0,50581
5028,77941	0,51997
5038,24648	0,52025
5047,85161	0,50927
5059,25770	0,50141
5068,62563	0,51335
5078,13049	0,50981
5087,76728	0,49719
5099,07963	0,49788
5108,48190	0,50512
5118,02441	0,49851
5127,68807	0,48485
5138,91035	0,49285
5148,34836	0,49583
5157,92668	0,48679
5167,61065	0,47251
5178,75024	0,48657
5188,22465	0,48573
5197,83685	0,47489
5209,22212	0,46899
5218,59855	0,47912
5228,11083	0,47505
5237,75390	0,46292
5249,04735	0,46491
5258,45624	0,47079
5268,00653	0,46406
5277,67493	0,45107
5288,87908	0,45978
5298,32524	0,46178
5307,91066	0,45298
5319,36953	0,44075
5328,72043	0,45368
5338,20309	0,45226
5347,82222	0,44187
5359,18851	0,43801
5368,57093	0,44670
5378,09138	0,44243
5387,74016	0,43090
5399,01460	0,43419
5408,43102	0,43898
5417,98862	0,43232
5427,66197	0,42009
5438,84869	0,42942
5448,30211	0,43068
5457,89430	0,42216
5469,33482	0,41244
5478,69143	0,42378
5488,18152	0,42201
5497,80728	0,41214
5509,15474	0,40998
5518,54406	0,41750
5528,07186	0,41317
5537,72630	0,40232
5548,98308	0,40678
5558,40682	0,41078
5567,97086	0,40437
5577,64885	0,39299
5588,81781	0,40305
5598,27908	0,40393
5607,87819	0,39593
5619,29976	0,38862
5628,66306	0,39896
5638,16082	0,39709
5647,79198	0,38790
5659,12147	0,38752
5668,51718	0,39424
5678,05238	0,38988
5687,71080	0,37969
5698,94995	0,38513
5708,38077	0,38831
5717,95216	0,38184
5727,63327	0,37093
5738,78709	0,38117
5748,25485	0,38130
5757,86053	0,37326
5769,26406	0,36739
5778,63391	0,37614
5788,13940	0,37362
5797,77654	0,36444
5809,08729	0,36497
5818,49063	0,37040
5828,03298	0,36568
5837,69713	0,35583
5848,91802	0,36187
5858,35675	0,36428
5867,93525	0,35791
5877,62058	0,34760
5888,75769	0,35816
5898,23229	0,35786
5907,84519	0,35010
5919,23022	0,34587
5928,60561	0,35358
5938,11852	0,35080
5947,76137	0,34198
5959,05452	0,34356
5968,46427	0,34809
5978,01390	0,34340
5987,68283	0,33400
5998,88644	0,34057
6008,33210	0,34232
6017,91808	0,33601
6029,37699	0,32710
6038,72786	0,33693
6048,21070	0,33616
6057,82917	0,32865
6069,19541	0,32585
6078,57765	0,33252
6088,09821	0,32947
6097,74689	0,32106
6109,02145	0,32363
6118,43868	0,32746
6127,99511	0,32272
6137,66879	0,31377
6148,85542	0,32084
6158,30855	0,32198
6167,90034	0,31576
6179,34140	0,30840
6188,69810	0,31700
6198,18832	0,31575
6207,81383	0,30842
6219,16152	0,30677
6228,55045	0,31248
6238,07869	0,30927
6247,73178	0,30123
6258,98881	0,30443
6268,41279	0,30748
6277,97700	0,30268
6287,65396	0,29411
6298,82380	0,30130
6308,28462	0,30171
6317,88407	0,29545
6329,30591	0,28960
6338,66893	0,29708
6348,16678	0,29547
6357,79805	0,28833
6369,12694	0,28762
6378,52339	0,29232
6388,05867	0,28886
6397,71720	0,28111
6408,95602	0,28477
6418,38712	0,28696
6427,95908	0,28203
6437,64089	0,27376
6448,79367	0,28103
6458,26150	0,28093
6467,86766	0,27478
6479,27073	0,27016
6488,64030	0,27644
6498,14625	0,27438
6507,78420	0,26740
6519,09390	0,26756
6528,49740	0,27144
6538,04034	0,26793
6547,70514	0,26061
6558,92498	0,26483
6568,36381	0,26648
6577,94259	0,26167
6587,62876	0,25400
6598,76527	0,26157
6608,24079	0,26133
6617,85360	0,25567
6629,23687	0,25254
6638,61373	0,25820
6648,12727	0,25621
6657,77109	0,24986
6669,06199	0,25105
6678,47250	0,25447
6688,02345	0,25109
6697,69322	0,24435
6708,89511	0,24927
6718,34179	0,25073
6727,92819	0,24632
6739,38491	0,24000
6748,73729	0,24750
6758,22079	0,24725
6767,84090	0,24212
6779,20454	0,24049
6788,58895	0,24590
6798,10966	0,24424
6807,75962	0,23858
6819,03170	0,24112
6828,44982	0,24465
6838,00820	0,24180
6847,68210	0,23586
6858,86715	0,24203
6868,32124	0,24378
6877,91406	0,23998
6889,35240	0,23549
6898,71158	0,24319
6908,20268	0,24349
6917,82826	0,23910
6929,17402	0,23931
6938,56460	0,24524
6948,09312	0,24428
6957,74770	0,23950
6969,00360	0,24392
6978,42806	0,24815
6987,99222	0,24612
6997,66989	0,24106
7008,83986	0,24921
7018,30045	0,25181
7027,89941	0,24887
7039,32102	0,24637
7048,68510	0,25516
7058,18246	0,25627
7067,81305	0,25265
7079,14394	0,25488
7088,54005	0,26187
7098,07402	0,26168
7107,73202	0,25752
7118,97364	0,26414
7128,40380	0,26940
7137,97370	0,26800
7147,65401	0,26343
7158,81097	0,27412
7168,27752	0,27768
7177,88093	0,27533
7189,28853	0,27451
7198,65680	0,28475
7208,16025	0,28656
7217,79434	0,28319
7229,11150	0,28737
7238,51215	0,29561
7248,05108	0,29580
7257,71196	0,29158
7268,94131	0,30037
7278,37638	0,30640
7287,95073	0,30498
7297,63321	0,30001
7308,77833	0,31309
7318,24993	0,31687
7327,85805	0,31392
7339,25274	0,31391
7348,62494	0,32502
7358,13312	0,32652
7367,77178	0,32223
7379,07510	0,32749
7388,48065	0,33588
7398,02544	0,33522
7407,69032	0,32973
7418,90539	0,33982
7428,34588	0,34540
7437,92635	0,34271
7449,39740	0,33674
7458,74397	0,35056
7468,22107	0,35334
7477,83464	0,34885
7489,21398	0,34880
7498,59144	0,35941
7508,10560	0,35943
7517,74893	0,35324
7529,03701	0,35857
7538,44828	0,36574
7547,99973	0,36312
7557,66889	0,35552
7568,86890	0,36569
7578,31562	0,36961
7587,90165	0,36478
7599,35643	0,35780
7608,70811	0,37002
7618,19238	0,37053
7627,81175	0,36361
7639,17413	0,36254
7648,55718	0,37086
7658,07898	0,36838
7667,72870	0,35981
7678,99854	0,36402
7688,41710	0,36863
7697,97576	0,36356
7707,64973	0,35372
7718,83251	0,36241
7728,28809	0,36372
7737,88197	0,35689
7749,31681	0,34958
7758,67464	0,35913
7768,16662	0,35738
7777,79351	0,34870
7789,13538	0,34695
7798,52621	0,35255
7808,05646	0,34805
7817,71174	0,33812
7828,96259	0,34127
7838,38837	0,34342
7847,95580	0,33683
7857,63463	0,32620
7868,79797	0,33348
7878,26146	0,33263
7887,86344	0,32442
7899,27742	0,31717
7908,64248	0,32355
7918,14391	0,31997
7927,77849	0,31058
7939,09861	0,30863
7948,49801	0,31171
7958,03765	0,30609
7967,69985	0,29609
7978,92839	0,29859
7988,36434	0,29890
7997,94051	0,29194
8007,62572	0,28180
8018,76844	0,28813
8028,24143	0,28639
8037,85251	0,27873
8049,24323	0,27345
8058,61759	0,27846
8068,12880	0,27522
8077,77045	0,26731
8089,06896	0,26713
8098,47673	0,26996
8108,02459	0,26557
8117,69237	0,25758
8128,90143	0,26159
8138,34468	0,26245
8147,92806	0,25711
8159,39296	0,24920
8168,74179	0,25629
8178,22197	0,25526
8187,83890	0,24909
8199,21159	0,24606
8208,59176	0,25087
8218,10888	0,24832
8227,75378	0,24152
8239,03567	0,24226
8248,45020	0,24446
8258,00522	0,24026
8267,67735	0,23296
8278,86946	0,23720
8288,32036	0,23757
8297,91013	0,23251
8309,35735	0,22618
8318,71203	0,23213
8328,19972	0,23082
8337,82229	0,22497
8349,17692	0,22283
8358,56342	0,22659
8368,08822	0,22381
8377,74052	0,21747
8389,00345	0,21886
8398,42495	0,22057
8407,98684	0,21664
8417,66324	0,21001
8428,83901	0,21441
8438,29663	0,21445
8447,89319	0,20969
8459,32198	0,20470
8468,68257	0,20971
8478,17764	0,20821
8487,80717	0,20279
8499,14309	0,20153
8508,53655	0,20456
8518,06892	0,20184
8527,72636	0,19604
8538,97138	0,19794
8548,39997	0,19924
8557,96873	0,19553
8567,64923	0,18950
8578,80815	0,19394
8588,27336	0,19366
8597,87683	0,18919
8609,28715	0,18536
8618,65388	0,18952
8628,15658	0,18788
8637,79182	0,18284
8649,10919	0,18226
8658,50975	0,18466
8668,04931	0,18195
8677,71238	0,17661
8688,93951	0,17880
8698,37564	0,17966
8707,95152	0,17614
8717,63620	0,17065
8728,77828	0,17510
8738,25081	0,17465
8747,86146	0,17051
8759,25237	0,16773
8768,62619	0,17124
8778,13642	0,16965
8787,77744	0,16513
8799,07669	0,16525
8808,48377	0,16725
8818,03078	0,16469
8827,69856	0,15983
8838,90822	0,16231
8848,35169	0,16290
8857,93487	0,15963
8869,39981	0,15472
8878,74890	0,15923
8888,22847	0,15867
8897,84542	0,15487
8909,21839	0,15293
8918,59831	0,15590
8928,11627	0,15428
8937,76277	0,15010
8949,04368	0,15072
8958,45837	0,15233
8968,01265	0,14993
8977,68458	0,14555
8988,87778	0,14831
8998,32772	0,14870
9007,91767	0,14566
9019,36431	0,14176
9028,71977	0,14565
9038,20704	0,14496
9047,82974	0,14143
9059,18457	0,14017
9068,57121	0,14271
9078,09607	0,14113
9087,74789	0,13728
9099,01137	0,13831
9108,43300	0,13962
9117,99438	0,13731
9127,67026	0,13328
9138,84713	0,13620
9148,30410	0,13638
9157,90081	0,13350
9169,32919	0,13045
9178,69034	0,13381
9188,18548	0,13304
9197,81461	0,12977
9209,15083	0,12912
9218,54413	0,13127
9228,07629	0,12972
9237,73365	0,12618
9248,97922	0,12756
9258,40755	0,12859
9267,97616	0,12638
9277,65620	0,12266
9288,81608	0,12571
9298,28116	0,12573
9307,88416	0,12302
9319,29495	0,12069
9328,66217	0,12362
9338,16422	0,12280
9347,79923	0,11975
9359,11771	0,11957
9368,51763	0,12140
9378,05720	0,11987
9387,71925	0,11658
9398,94760	0,11823
9408,38305	0,11905
9417,95869	0,11694
9427,64283	0,11353
9438,78617	0,11670
9448,25853	0,11662
9457,86786	0,11408
9469,26034	0,11240
9478,63406	0,11498
9488,14348	0,11414
9497,78419	0,11129
9509,08470	0,11155
9518,49157	0,11314
9528,03826	0,11165
9537,70534	0,10861
9548,91637	0,11054
9558,35889	0,11121
9567,94122	0,10923
9577,62877	0,10608
9588,75675	0,10939
9598,23644	0,10925
9607,85228	0,10689
9619,22658	0,10579
9628,60655	0,10813
9638,12322	0,10732
9647,76857	0,10469
9659,05211	0,10537
9668,46574	0,10681
9678,01876	0,10540
9687,68956	0,10261
9698,88523	0,10481
9708,33428	0,10537
9717,92237	0,10349
9729,37262	0,10093
9738,72633	0,10395
9748,21173	0,10370
9757,83254	0,10136
9769,19103	0,10056
9778,57575	0,10251
9788,09872	0,10145
9797,74941	0,09871
9809,01597	0,09935
9818,43581	0,10023
9827,99626	0,09846
9837,67229	0,09544
9848,85042	0,09732
9858,30727	0,09730
9867,90363	0,09509
9879,33401	0,09270
9888,69525	0,09498
9898,19026	0,09432
9907,81904	0,09190
9919,15613	0,09128
9928,55008	0,09275
9938,08197	0,09159
9947,73920	0,08905
9958,98551	0,08997
9968,41385	0,09071
9977,98236	0,08916
9987,66267	0,08656
9998,82277	0,08873
10008,28749	0,08880
10017,89032	0,08695
10029,30139	0,08533
10038,66903	0,08748
10048,17050	0,08696
10057,80534	0,08488
10069,12424	0,08479
10078,52451	0,08617
10088,06311	0,08516
10097,72517	0,08289
10108,95466	0,08413
10118,38971	0,08480
10127,96458	0,08339
10137,64872	0,08102
10148,79321	0,08334
10158,26479	0,08339
10167,87378	0,08167
10179,26768	0,08051
10188,64064	0,08247
10198,14960	0,08195
10207,78937	0,07999
10219,09115	0,08023
10228,49800	0,08146
10238,04369	0,08046
10247,71038	0,07833
10258,92291	0,07975
10268,36475	0,08030
10277,94669	0,07891
10287,63429	0,07668
10298,76333	0,07911
10308,24191	0,07906
10317,85715	0,07740
10329,23331	0,07659
10338,61269	0,07834
10348,12902	0,07778
10357,77410	0,07590
10369,05851	0,07638
10378,47160	0,07745
10388,02431	0,07645
10397,69558	0,07442
10408,89177	0,07600
10418,34065	0,07642
10427,92905	0,07507
10439,37940	0,07320
10448,73349	0,07543
10458,21977	0,07531
10467,84115	0,07368
10479,19903	0,07319
10488,58481	0,07475
10498,10811	0,07414
10507,75877	0,07233
10519,02607	0,07303
10528,44572	0,07395
10538,00561	0,07294
10547,68110	0,07100
10558,86083	0,07272
10568,31668	0,07304
10577,91179	0,07171
10589,34452	0,07022
10598,70444	0,07225
10608,19777	0,07206
10617,82511	0,07049
10629,16549	0,07027
10638,55748	0,07167
10648,08769	0,07103
10657,74383	0,06928
10668,99364	0,07018
10678,42059	0,07095
10687,98731	0,06993
10697,66640	0,06805
10708,83011	0,06989
10718,29308	0,07010
10727,89464	0,06879
10739,30890	0,06761
10748,67572	0,06946
10758,17593	0,06921
10767,80909	0,06766
10779,13190	0,06769
10788,53072	0,06893
10798,06809	0,06825
10807,72910	0,06657
10818,96190	0,06764
10828,39526	0,06832
10837,96931	0,06731
10847,65211	0,06551
10858,79978	0,06748
10868,26992	0,06762
10877,87779	0,06633
10889,27467	0,06546
10898,64669	0,06716
10908,15458	0,06685
10917,79332	0,06535
10929,09844	0,06562
10938,50395	0,06673
10948,04870	0,06602
10957,71418	0,06437
10968,92979	0,06562
10978,37082	0,06619
10987,95108	0,06516
10997,63785	0,06342
11008,76958	0,06550
11018,24750	0,06557
11027,86145	0,06429
11039,24048	0,06368
11048,61888	0,06524
11058,13353	0,06487
11067,77789	0,06339
11079,06545	0,06386
11088,47751	0,06485
11098,02903	0,06411
11107,69942	0,06250
11118,89859	0,06390
11128,34609	0,06436
11137,93342	0,06333
11149,38671	0,06181
11158,74001	0,06382
11168,22487	0,06382
11177,84510	0,06256
11189,20630	0,06221
11198,59120	0,06365
11208,11286	0,06325
11217,76238	0,06179
11229,03275	0,06247
11238,45168	0,06336
11248,01053	0,06260
11257,68493	0,06102
11268,86747	0,06257
11278,32210	0,06296
11287,91573	0,06191
11299,35143	0,06067
11308,71057	0,06255
11318,20222	0,06248
11327,82831	0,06120
11339,17237	0,06108
11348,56296	0,06240
11358,09246	0,06193
11367,74741	0,06050
11379,00068	0,06135
11388,42584	0,06213
11397,99098	0,06134
11407,66999	0,05978
11418,83621	0,06147
11428,29792	0,06177
11437,89829	0,06070
11449,31645	0,05971
11458,68146	0,06145
11468,18032	0,06132
11477,81242	0,06004
11489,13843	0,06012
11498,53604	0,06131
11508,07230	0,06080
11517,73193	0,05937
11528,96771	0,06038
11538,40007	0,06106
11547,97219	0,06022
11557,65525	0,05868
11568,80569	0,06048
11578,27417	0,06070
11587,88117	0,05962
11599,28153	0,05886
11608,65241	0,06048
11618,15842	0,06028
11627,79621	0,05899
11639,10479	0,05926
11648,50883	0,06034
11658,05140	0,05976
11667,71665	0,05832
11678,93588	0,05948
11688,37502	0,06006
11697,95377	0,05919
11707,63982	0,05765
11718,77508	0,05957
11728,25111	0,05970
11737,86380	0,05859
11749,24664	0,05805
11758,62375	0,05952
11768,13712	0,05924
11777,78026	0,05794
11789,07119	0,05836
11798,48196	0,05933
11808,03230	0,05870
11817,70119	0,05727
11828,90389	0,05855
11838,35006	0,05903
11847,93589	0,05812
11859,39312	0,05671
11868,74529	0,05859
11878,22824	0,05863
11887,84698	0,05747
11899,21232	0,05712
11908,59532	0,05847
11918,11549	0,05812
11927,76453	0,05680
11939,03826	0,05739
11948,45562	0,05824
11958,01255	0,05755
11967,68621	0,05611
11978,87226	0,05751
11988,32534	0,05788
